0 40.0 50.0 0.0 0.0 0 0 0 0 1440
1 45.0 68.0 90.0 10.0 1 1 1 912 967
2 45.0 70.0 90.0 30.0 1 1 1 825 870
3 42.0 68.0 90.0 10.0 1 1 1 727 782
4 40.0 69.0 90.0 20.0 1 1 1 621 702
5 25.0 85.0 90.0 20.0 1 1 1 652 721
6 22.0 85.0 90.0 10.0 1 1 1 567 620
7 30.0 52.0 90.0 20.0 1 1 1 914 965
8 28.0 52.0 90.0 20.0 1 1 1 812 883
9 28.0 55.0 90.0 10.0 1 1 1 732 777
10 25.0 55.0 90.0 10.0 1 1 1 622 701
11 23.0 55.0 90.0 20.0 1 1 1 546 593
12 8.0 45.0 90.0 20.0 1 1 1 751 816
13 5.0 45.0 90.0 10.0 1 1 1 665 716
14 0.0 45.0 90.0 20.0 1 1 1 567 624
15 30.0 30.0 90.0 10.0 1 1 1 541 600
16 28.0 30.0 90.0 10.0 1 1 1 632 693
17 26.0 32.0 90.0 10.0 1 1 1 815 880
18 25.0 30.0 90.0 10.0 1 1 1 725 786
19 25.0 35.0 90.0 10.0 1 1 1 912 969
20 38.0 15.0 90.0 10.0 1 1 1 651 740
21 35.0 5.0 90.0 20.0 1 1 1 562 629
22 48.0 30.0 90.0 10.0 1 1 1 632 693
23 47.0 35.0 90.0 10.0 1 1 1 826 875
24 45.0 30.0 90.0 10.0 1 1 1 734 777
25 45.0 35.0 90.0 10.0 1 1 1 916 969
26 88.0 30.0 90.0 10.0 1 1 1 574 643
27 87.0 30.0 90.0 10.0 1 1 1 668 731
28 85.0 25.0 90.0 10.0 1 1 1 769 820
29 68.0 60.0 90.0 30.0 1 1 1 555 612
30 65.0 60.0 90.0 30.0 1 1 1 645 708
31 63.0 58.0 90.0 10.0 1 1 1 737 802
32 60.0 60.0 90.0 10.0 1 1 1 836 889
33 60.0 85.0 90.0 30.0 1 1 1 561 622
34 55.0 80.0 90.0 10.0 1 1 1 743 820
35 55.0 85.0 90.0 20.0 1 1 1 647 726
